Subject,ICsRejected,ThetaMean,AlphaMean,BetaMean
sub-004,8,0.6206,0.1863,0.1931
sub-001,5,0.5855,0.1997,0.2147
sub-002,4,0.1876,0.6114,0.2010
sub-003,3,0.2780,0.6621,0.0599
sub-037,4,0.1021,0.8022,0.0958
sub-038,5,0.1409,0.4935,0.3656
sub-039,1,0.1162,0.6773,0.2065
sub-040,4,0.1325,0.6669,0.2006
sub-066,3,0.4774,0.4104,0.1122
sub-067,7,0.0884,0.4291,0.4825
sub-068,5,0.1175,0.6757,0.2068
sub-069,2,0.5028,0.3929,0.1044
